,0
0,66.55052304267883
1,67.94425249099731
2,79.09407615661621
3,77.00348496437073
4,82.57839679718018
5,79.79093790054321
6,82.92682766914368
7,80.48780560493469
8,84.66898798942566
9,81.5330982208252
10,81.1846673488617
11,84.32055711746216
12,84.66898798942566
13,81.1846673488617
14,81.1846673488617
15,82.92682766914368
16,87.10801601409912
17,81.1846673488617
18,83.62369537353516
19,84.32055711746216
20,85.71428656578064
21,82.57839679718018
22,85.71428656578064
23,83.97212624549866
24,81.5330982208252
25,84.32055711746216
26,85.71428656578064
27,83.62369537353516
28,86.41114830970764
29,80.13937473297119
30,83.62369537353516
31,86.41114830970764
32,86.06271743774414
33,86.06271743774414
34,82.92682766914368
35,86.75957918167114
36,82.92682766914368
37,84.32055711746216
38,83.62369537353516
39,85.36585569381714
40,87.10801601409912
41,86.75957918167114
42,81.1846673488617
43,82.22996592521667
44,86.06271743774414
45,84.66898798942566
46,85.01741886138916
47,83.27525854110718
48,85.01741886138916
49,84.66898798942566
50,87.45644688606262
51,85.01741886138916
52,82.57839679718018
53,85.36585569381714
54,84.66898798942566
55,85.36585569381714
56,84.32055711746216
57,85.71428656578064
58,84.66898798942566
59,86.41114830970764
60,85.36585569381714
61,86.06271743774414
62,87.45644688606262
63,83.27525854110718
64,83.97212624549866
65,80.48780560493469
66,87.10801601409912
67,82.57839679718018
68,82.57839679718018
69,85.36585569381714
70,89.5470380783081
71,87.10801601409912
72,85.71428656578064
73,85.71428656578064
74,85.36585569381714
75,84.66898798942566
76,83.97212624549866
77,85.01741886138916
78,83.62369537353516
79,84.66898798942566
80,82.92682766914368
81,82.57839679718018
82,83.27525854110718
83,85.01741886138916
84,85.01741886138916
85,81.5330982208252
86,86.06271743774414
87,88.15330862998962
88,83.62369537353516
89,84.32055711746216
90,85.71428656578064
91,85.71428656578064
92,86.41114830970764
93,85.01741886138916
94,84.66898798942566
95,83.97212624549866
96,82.92682766914368
97,82.92682766914368
98,86.41114830970764
